Sample	bbtools_bbsplit-human_assigned	bbtools_bbsplit-primary_assigned	custom_content_dupradar-dupRadar_intercept	picard_mark_duplicates-PERCENT_DUPLICATION	qualimap_rnaseq-5_3_bias	qualimap_rnaseq-reads_aligned	qualimap_rnaseq-reads_aligned_exonic	qualimap_rnaseq-reads_aligned_intronic	qualimap_rnaseq-reads_aligned_intergenic	qualimap_rnaseq-reads_aligned_overlapping_exon	rseqc_bam_stat-proper_pairs_percent	salmon-percent_mapped	salmon-num_mapped	salmon-library_types	salmon-compatible_fragment_ratio	salmon-strand_mapping_bias	samtools_stats-error_rate	samtools_stats-non_primary_alignments	samtools_stats-reads_mapped	samtools_stats-reads_mapped_percent	samtools_stats-reads_properly_paired_percent	samtools_stats-reads_MQ0_percent	samtools_stats-raw_total_sequences	samtools_stats-insert_size_average	samtools_flagstat-flagstat_total	samtools_flagstat-mapped_passed	samtools_flagstat-mapped_passed_pct	star-total_reads	star-mapped	star-mapped_percent	star-uniquely_mapped	star-uniquely_mapped_percent	star-multimapped	fastqc_raw-percent_duplicates	fastqc_raw-percent_gc	fastqc_raw-avg_sequence_length	fastqc_raw-median_sequence_length	fastqc_raw-percent_fails	fastqc_raw-total_sequences	trim_galore-tg_pct_with_adapter	trim_galore-tg_pct_passing	trim_galore-tg_pct_quality_trimmed	trim_galore-tg_total_reads	trim_galore-tg_total_bp_written	fastqc_trimmed-percent_duplicates	fastqc_trimmed-percent_gc	fastqc_trimmed-avg_sequence_length	fastqc_trimmed-median_sequence_length	fastqc_trimmed-percent_fails	fastqc_trimmed-total_sequences	fastqc_filtered-percent_duplicates	fastqc_filtered-percent_gc	fastqc_filtered-avg_sequence_length	fastqc_filtered-median_sequence_length	fastqc_filtered-percent_fails	fastqc_filtered-total_sequences
RAP1_IAA_30M_REP1	2e-06	0.099184	0.000221182311149674	12.781899999999998	0.88	0.045766999999999995	0.075498	0.000138	0.014067999999999999	0.005338	82.76278183550333	80.59806827576473	0.039971	ISR	99.22055355591411	0.12162482235907153	0.9064916	0.002934	0.09153599999999999	100.0	99.99781506729593	0.004369865408145429	0.09153599999999999	169.2	0.09447	0.09447	100.0	0.049593	0.045769	92.28999999999999	0.044853	90.44	0.0009159999999999999	65.664	40.0	101.0	101.0	20.0	0.09999999999999999	41.688	99.582	0.42212447138309633	0.09999999999999999	9.881302	65.687574059569	40.0	99.08169147034604	100.0	20.0	0.09958199999999999	65.72600971911359	40.0	99.07850906377917	100.0	20.0	0.099186
RAP1_IAA_30M_REP1 Read 1																																		65.4	40.0	101.0	101	20.0	0.049999999999999996						65.47167158723465	40.0	99.09862224096725	100	20.0	0.049790999999999995	65.5435242877019	40.0	99.0952856249874	100	20.0	0.049593
RAP1_IAA_30M_REP1 Read 2																																		65.928	40.0	101.0	101	20.0	0.049999999999999996						65.90347653190335	40.0	99.06476069972484	100	20.0	0.049790999999999995	65.90849515052528	40.0	99.06173250257093	100	20.0	0.049593
RAP1_IAA_30M_REP1_1																																								39.23	99.582	0.248	0.049999999999999996	4.942737												
RAP1_IAA_30M_REP1_2																																								44.146	99.582	0.5963960396039604	0.049999999999999996	4.938565												
RAP1_UNINDUCED_REP1		0.048567	0.00386308575317247	76.0673	0.95	0.047713	0.040062	2.3e-05	0.0065179999999999995	0.0035139999999999998	0.0	80.95208680791484	0.039316	SR	99.32546800394108	0.13008076114614447	1.16706	0.001264	0.047713	100.0	0.0	0.023054513444973068	0.047713	0.0	0.048977	0.048977	100.0	0.048567	0.047713	98.25	0.046603	95.96	0.0011099999999999999	65.292	40.0	101.0	101	20.0	0.049999999999999996	40.326	99.938	0.246990099009901	0.049999999999999996	4.949812	65.32850367227681	40.0	98.8858392203166	100	20.0	0.049969	66.37428706735025	40.0	98.8727633990158	100	20.0	0.048567
RAP1_UNINDUCED_REP2	1e-06	0.09765399999999999	0.00387717731263598	82.3524	0.94	0.095843	0.080387	4.7e-05	0.013153	0.007043	0.0	80.77498105556352	0.07887999999999999	SR	99.08178518043988	0.13939076547089116	1.174968	0.002358	0.095843	100.0	0.0	0.008346984130296421	0.095843	0.0	0.098201	0.098201	100.0	0.09765399999999999	0.095843	98.14999999999999	0.093598	95.85	0.002245	72.74	40.0	101.0	101	20.0	0.09999999999999999	40.242	99.971	0.21646534653465346	0.09999999999999999	9.912106999999999	72.75910013904033	40.0	98.97891888647708	100	20.0	0.09997099999999999	73.36821840375202	40.0	98.97512646691379	100	20.0	0.09765399999999999
WT_REP1		0.19845	0.00113527678024202	21.310399999999998	1.07	0.090297	0.146127	0.000268	0.030203999999999998	0.010386	74.19149675316	79.47795414462081	0.078862	ISR	99.28615493081871	0.10371008628978884	0.9786478	0.006508	0.18059699999999998	100.0	99.99833884283792	0.017719009728843778	0.18059699999999998	168.9	0.187105	0.187105	100.0	0.099225	0.09029999999999999	91.0	0.088304	88.99	0.001996	74.7675	40.0	101.0	101.0	20.0	0.19999999999999998	42.489	99.566	0.4272666375114114	0.19999999999999998	19.739842	74.81821103589579	40.0	98.98520579314224	100.0	20.0	0.199132	74.88233812043336	40.0	98.98294280675233	100.0	20.0	0.19845
WT_REP1 Read 1																																		75.072	40.0	101.0	101	20.0	0.09999999999999999						75.13508627443103	40.0	98.99934716670349	100	20.0	0.099566	75.2058453010834	40.0	98.99656840513984	100	20.0	0.099225
WT_REP1 Read 2																																		74.463	40.0	101.0	101	20.0	0.09999999999999999						74.50133579736055	40.0	98.97106441958098	100	20.0	0.099566	74.55883093978332	40.0	98.96931720836483	100	20.0	0.099225
WT_REP1_1																																								40.205	99.566	0.2353069306930693	0.09999999999999999	9.873773												
WT_REP1_2																																								44.773	99.566	0.6193762376237624	0.09999999999999999	9.866069												
WT_REP2	2e-06	0.09909799999999999	0.000191469410841822	13.430900000000001	1.17	0.045354	0.073668	0.00015199999999999998	0.014913	0.005333	81.73172160391927	79.32795156407668	0.039307	ISR	99.1574380061048	0.11904356498260805	0.9263095000000001	0.003186	0.090709	100.0	99.9988975735594	0.01984367593072352	0.090709	168.9	0.09389499999999999	0.09389499999999999	100.0	0.04955	0.045355	91.53	0.044368	89.54	0.000987	67.016	40.0	101.0	101.0	20.0	0.09999999999999999	42.854	99.52	0.41754460890773426	0.09999999999999999	9.859117	67.06089228295819	40.0	98.91798633440514	100.0	20.0	0.09952	67.1271442986882	40.0	98.91535822401615	100.0	20.0	0.0991
WT_REP2 Read 1																																		67.856	40.0	101.0	101	20.0	0.049999999999999996						67.93207395498392	40.0	98.94557877813504	100	20.0	0.04976	68.0343087790111	40.0	98.94326942482341	100	20.0	0.04955
WT_REP2 Read 2																																		66.176	40.0	101.0	101	20.0	0.049999999999999996						66.18971061093248	40.0	98.89039389067524	100	20.0	0.04976	66.21997981836529	40.0	98.88744702320888	100	20.0	0.04955
WT_REP2_1																																								40.824	99.52	0.20576237623762375	0.049999999999999996	4.932091												
WT_REP2_2																																								44.884	99.52	0.6295445544554455	0.049999999999999996	4.927026												
